    α (°)  Δα (°)  β (°)    Δβ (°)   λ (nm)      g (nm)   Δg (nm)
0    48.0     0.5   13.0  0.707107  404.656  417.991656  8.757527
1    49.0     0.5   14.0  0.707107  407.783  409.161270  8.240197
2    49.5     0.5   14.5  0.707107  410.805  406.421352  8.026933
3    50.5     0.5   15.5  0.707107  433.922  417.689356  7.937768
4    51.0     0.5   16.0  0.707107  434.749  412.952022  7.699793
5    51.0     0.5   16.0  0.707107  435.833  413.981674  7.718992
6    55.5     0.5   20.5  0.707107  491.607  418.626370  6.612705
7    61.0     0.5   26.0  0.707107  546.074  415.900841  5.408816
8    64.0     0.5   29.0  0.707107  576.960  416.998028  4.883671
9    64.5     0.5   29.5  0.707107  579.066  415.098443  4.777155
10   69.0     0.5   34.0  0.707107  623.440  417.638758  4.099854
11   68.0     0.5   23.0  0.707107  546.074  414.346909  5.025117
12   71.0     0.5   26.0  0.707107  576.960  416.911832  4.552134
13   71.5     0.5   26.5  0.707107  579.066  415.243518  4.454801
14   61.0     0.5   36.0  0.707107  623.440  426.311465  4.654766
15   61.5     0.5   36.5  0.707107  671.643  455.771454  4.889591
16   62.5     0.5   37.5  0.707107  690.752  461.802921  4.782253


420.76 ± 1.51 nm